56
606478781
2105669450
924295380
995178010
277153377
34375824
2927870501
1445985000
2854010163
3305365756
2375998506
3314310356
3020798411
3797805782
2460288254
1602237073
534334100
1995672681
1693893777
3048907899
4131311808
2310728276
2775392096
2551941789
4046293161
2555788208
825796602
2416385992
563676906
600249847
174732229
3862431421
2365488305
1649245855
405992066
1214911370
1378334620
3587358321
2746616501
1301969295
577065877
3656202637
1828274719
405330696
2242752129
3971167577
2752333562
2266390825
3077746458
4071660853
1024767124
1282789927
4152112600
1235294282
1158264327
701369933