3688488514
2189297845
3370671915
3299789285
4017813918
4260591471
1367096794
2848982295
1440957132
989601539
1918968789
980656939
1274168884
497161513
1834679041
2692730222
3760633195
2299294614
2601073518
1246059396
163655487
1984239019
1519575199
1743025506
248674134
1739179087
3469170693
1878581303
3731290389
3694717448
4120235066
432535874
1929478990
2645721440
3888975229
3080055925
2916632675
707608974
1548350794
2992998000
3717901418
638764658
2466692576
3889636599
2052215166
323799718
1542633733
2028576470
1217220837
223306442
3270200171
3012177368
142854695
3059673013
3136702968
3593597362