297830014 502240413 476
176630419 252737469 350009728
119163016 67944417 459585964
118301990 242216829 384576944
185188107 321496563 488723936
287088185 465055634 494087127
273166733 81600388 197566651
53436206 18781083 72733798
80090954 396308299 426234272
216626578 488209106 502053538
199176880 280259189 298728443
253530364 72680831 347768648
47758847 469271731 490099736
221197271 394822398 465621521
263724464 303397922 495779027
221795342 108289309 288529261
95033050 51849157 166535705
12267082 192608650 350869515
280604051 321742217 429137420
24189571 396313757 427119791
150360435 172889726 182423863
172656318 34464690 167361694
165025845 51350950 394370439
50575308 115604700 183522891
221469859 452418404 492904252
87224555 221135773 425774281
228989014 304856106 387489220
208106698 146470553 419915748
48586211 27937602 192767310
73922420 220675840 416546646
50809483 45772663 143160120
75070459 372263608 483582440
281334344 312970484 390007547
21328054 96553256 117033011
87463790 32815095 249974223
288951611 156041708 460222541
71658179 453623730 489544517
283534343 4211710 275468633
165426963 132792158 442719656
123126897 142930223 423611829
185079807 470316565 491756147
133478665 351663708 433786696
136779257 500247187 500938246
32978794 448783320 495077656
232678614 85527556 223505601
148440622 55308011 159543591
22029362 323705045 340576388
171361043 312925605 387112842
15849096 463482545 476637907
202419758 404371010 476407112
90301125 80884831 408723152
270940550 400219571 417301286
75415680 119606766 404176534
39285187 401459526 446491154
121932257 476585266 481996937
77446703 279855134 364342434
282669464 454228451 485095113
189535461 92837059 415653842
209458477 114890402 281692496
219807181 317574607 360078084
225198645 276460253 403023028
249716754 373468482 467457409
36323637 330214986 375071621
46260732 75022694 434060103
119697889 152544284 201566010
224848368 262122464 289587259
79422762 403758798 479122819
14021479 387421962 410872233
43221213 425182965 493670300
227871528 97159175 301739680
244585818 26834268 244913790
187105264 176239846 310614211
48545176 169934758 229926236
196467338 355349786 420013415
168862896 49618204 107879634
280998381 60504203 432015583
22183684 30267812 385207415
161080868 382188786 392420327
17925657 449516570 479224491
188062496 45460166 127756095
277254181 11135422 498140379
9688529 374860984 440894866
284139365 394263759 483626944
37071842 444818263 457661611
174776901 175696346 276812826
66902334 116930010 269727987
100379528 300441019 428982320
210127211 92694269 203779403
285567365 251288264 395328071
71495895 394143810 458969587
291711787 495626357 496178759
229501384 3025140 360810206
9142072 312846209 422826531
149694309 409543077 426962331
112612493 480344019 492291898
76246714 277222060 297862515
29074134 402661334 434782521
53875928 10434169 210094313
33962667 15185356 451048423
42050166 445287981 455206699
246023802 29211215 376062579
201451439 425906589 490101608
205846231 200422183 405915916
268305527 358287140 389884262
157699783 174692653 294736074
46243605 392020597 462159582
91619633 225415772 380865564
188145138 232656028 450747283
84863117 292972075 427754667
79380704 502108689 502149431
91747961 86751632 241011366
252476776 385314057 455296898
187538373 329122945 361072652
251734603 201942549 307144600
143524927 103956156 284082720
60867469 95710559 410368374
283599786 329700564 466122820
63301339 258425947 295076013
208631422 64793503 492993472
192598192 73107939 73158898
76810291 9835123 301195637
119508426 428965426 480160685
11122400 373146424 501216901
131953138 244226123 429734782
110206144 279761381 345932005
53489741 87220161 427198566
184274733 263731809 362431291
59659041 402648047 484931391
84521281 258262358 354699487
206780028 201235631 334681546
74917874 299962348 388051172
17807651 254125635 430033214
228314840 28360013 393464958
250668082 85124087 439436095
181852690 127279899 477201740
99294362 58404368 288094628
145082169 320330957 460450180
88155327 328291910 434321482
30858009 159873220 301824081
17023631 272322136 272925231
31031464 95889391 436158473
294951147 201943879 332930012
61454995 275245104 374055380
45050578 329636124 428247026
65497453 77661011 202833143
187510397 458781158 499682335
60037060 170817662 444465677
45666795 12617767 438448109
115196312 322367193 343048116
30801403 189233811 502030161
53238244 41902523 220050603
191848950 224155852 345542296
92216360 298835191 433128990
65410572 493304937 499462044
122896002 103263447 300155862
83053244 280761088 473808751
73570235 306896738 489303586
139589821 80335602 418047543
137968863 291399305 351205006
92216360 298835191 491733037
87224555 221135773 474272587
22183684 385207415 395217378
66902334 269727987 393006311
17925657 479224491 484421363
59659041 484931391 492045399
91619633 380865564 488466521
172656318 34464690 286204423
77446703 364342434 410647071
121932257 481996937 486208605
291711787 495626357 500922765
171361043 312925605 434847625
24189571 427119791 462388665
157699783 174692653 246545590
99294362 58404368 217912949
115196312 322367193 501606154
122896002 300155862 406525827
110206144 279761381 370339819
50575308 115604700 319194754
99294362 288094628 455381136
119697889 152544284 274274013
283599786 329700564 361681269
174776901 276812826 409038166
17807651 430033214 478457449
43221213 425182965 480839338
199176880 298728443 479114531
285567365 395328071 435182588
48586211 27937602 63898358
65410572 499462044 502126170
174776901 175696346 319416500
285567365 251288264 408751240
65497453 77661011 363836967
42050166 455206699 481000748
15849096 476637907 481916795
171361043 387112842 474769995
277254181 11135422 442646474
88155327 434321482 472020086
184274733 362431291 432376431
65410572 493304937 494324438
47758847 469271731 472045343
32978794 448783320 467013568
221197271 465621521 477032410
192598192 73158898 482751226
50575308 115604700 421571433
95033050 166535705 402731809
71495895 458969587 481426976
79422762 403758798 420475962
251734603 307144600 498164572
161080868 392420327 433722571
43221213 425182965 433532818
43221213 425182965 463743875
30858009 301824081 480576123
46260732 75022694 456111277
39285187 446491154 447102819
121932257 476585266 499379345
281334344 312970484 365971203
145082169 460450180 462091209
221469859 452418404 494758304
65497453 202833143 467853104
148440622 159543591 372943004
45050578 329636124 432435048
53489741 427198566 488467425
9142072 422826531 485366786
91619633 380865564 490093389
75415680 119606766 335427876
229501384 360810206 499343959
171361043 312925605 391459631
24189571 396313757 478418773
99294362 58404368 174813522
188062496 127756095 455284842
36323637 330214986 397481843
53875928 210094313 373355212
216626578 502053538 502229575
9688529 374860984 463526761
30858009 301824081 433864488
87463790 249974223 429758452
43221213 425182965 496878567
30801403 189233811 271338293
43221213 493670300 498927487
189535461 415653842 450749321
244585818 244913790 248096171
37071842 444818263 452090739
246023802 376062579 417116389
59659041 484931391 494716295
48545176 169934758 485426868
74917874 299962348 461762789
66902334 116930010 332980013
121932257 476585266 478485092
157699783 294736074 356133982
143524927 103956156 261456321
71495895 394143810 462611886
216626578 502053538 502065671
208106698 419915748 463707362
22029362 323705045 485028414
148440622 159543591 412027787
188145138 232656028 460883949
118301990 384576944 465904016
76810291 9835123 120746808
136779257 500938246 501082128
202419758 476407112 497868770
174776901 175696346 405478561
288951611 156041708 361864255
31031464 436158473 448861031
263724464 303397922 426795393
187105264 176239846 186588001
99294362 58404368 115116613
33962667 15185356 182630105
171361043 312925605 399554759
14021479 387421962 401417112
187538373 361072652 378243957
122896002 300155862 448617267
61454995 275245104 411185450
77446703 279855134 400507993
137968863 351205006 420604697
176630419 350009728 499803325
287088185 465055634 466915552
17807651 254125635 299760212
281334344 390007547 463192406
199176880 298728443 326618253
165426963 132792158 362916872
43221213 425182965 469519617
283599786 329700564 441429758
31031464 436158473 452104962
53238244 41902523 282072535
280604051 429137420 497724649
30858009 159873220 451575866
172656318 34464690 188696863
201451439 425906589 501242198
143524927 284082720 444267006
228989014 304856106 317628387
246023802 376062579 380504171
216626578 488209106 490572853
171361043 312925605 455021839
60037060 444465677 455129902
48586211 27937602 272028597
253530364 72680831 117186294
187105264 176239846 480484146
99294362 58404368 222548768
221197271 394822398 494832589
189535461 92837059 498658056
45050578 329636124 330732889
24189571 427119791 462092518
90301125 80884831 91474524
131953138 429734782 495884031
100379528 428982320 467371000
228314840 393464958 401718345
280604051 429137420 437303539
60037060 170817662 308080887
115196312 343048116 498366389
87224555 425774281 478917533
273166733 81600388 454239850
139589821 80335602 237727532
161080868 382188786 387491684
229501384 3025140 333686477
118301990 384576944 478788060
53238244 220050603 452548054
219807181 317574607 353787760
119163016 459585964 469749434
79380704 502149431 502229208
83053244 473808751 497118693
65410572 499462044 501178972
228989014 304856106 341925314
63301339 258425947 401306602
288951611 156041708 384141989
181852690 477201740 495773527
79422762 479122819 483326091
273166733 197566651 491774085
270940550 417301286 472168570
119508426 480160685 498913462
92216360 433128990 470541322
232678614 223505601 342125969
123126897 423611829 501333470
291711787 495626357 499478733
206780028 201235631 467178036
208631422 492993472 501817522
71495895 394143810 468518836
246023802 376062579 445405922
123126897 142930223 144301040
227871528 97159175 114347480
133478665 351663708 382472615
31031464 436158473 448641287
280604051 429137420 448002604
84863117 292972075 358456289
136779257 500247187 500965139
22183684 30267812 230956214
15849096 463482545 467342796
75415680 119606766 136147050
136779257 500247187 501590998
192598192 73158898 303942448
209458477 281692496 382091697
60867469 410368374 469605304
196467338 355349786 477931026
210127211 92694269 276386975
100379528 428982320 476457960
83053244 280761088 496316958
209458477 281692496 471490377
21328054 117033011 283365695
187510397 458781158 487036645
48586211 192767310 251268372
228314840 393464958 455193790
221469859 492904252 502066801
46243605 392020597 450603399
221469859 492904252 501565504
60037060 444465677 468107436
291711787 495626357 502236535
39285187 401459526 460691219
50575308 115604700 132108696
219807181 360078084 444081172
187538373 329122945 378259642
249716754 467457409 468591605
123126897 423611829 488899571
9142072 312846209 366675743
14021479 387421962 479885475
208106698 146470553 249627646
87224555 221135773 276777460
187538373 361072652 500506699
122896002 300155862 374120379
283534343 275468633 418962585
131953138 244226123 407966783
263724464 495779027 499404351
249716754 373468482 492516612
9688529 374860984 462639843
32978794 448783320 470458570
174776901 276812826 471754696
31031464 95889391 173655313
53238244 41902523 301622422
95033050 166535705 263833155
42050166 455206699 501419315
74917874 299962348 355268929
157699783 174692653 403550760
250668082 439436095 455444555
53238244 41902523 211966808
232678614 85527556 167681257
208106698 419915748 490642312
161080868 382188786 490501574
252476776 455296898 469310409
71658179 489544517 500009876
176630419 350009728 404961019
77446703 279855134 302238563
122896002 103263447 428854780
91747961 241011366 401118686
119697889 152544284 250749587
75070459 372263608 405191656
189535461 92837059 165782538
88155327 328291910 347316077
84521281 354699487 488990136
172656318 34464690 394854094
228989014 387489220 412393091
216626578 502053538 502236196
39285187 401459526 406786225
196467338 420013415 449098478
21328054 96553256 280656102
15849096 476637907 497835060
281334344 390007547 476610229
131953138 244226123 344887310
251734603 307144600 417556553
201451439 425906589 489993265
36323637 330214986 333471928
65497453 202833143 448928049
122896002 103263447 177840965
273166733 81600388 177383588
80090954 396308299 452747501
77446703 279855134 300482408
263724464 495779027 498602116
22183684 385207415 454617816
283599786 329700564 423129268
291711787 496178759 498186162
281334344 312970484 418869892
157699783 174692653 491463324
79380704 502108689 502135827
115196312 322367193 444648901
221469859 452418404 454585698
91747961 86751632 115277257
187510397 458781158 482965690
277254181 11135422 67474216
209458477 114890402 123615740
208106698 419915748 434081953
88155327 434321482 472829556
46260732 75022694 377105333
45666795 12617767 121322617
181852690 477201740 493986257
225198645 403023028 421249304
229501384 360810206 448636193
287088185 465055634 480441315
136779257 500938246 501789685
251734603 201942549 409914357
30801403 189233811 305980756
176630419 350009728 474043479
31031464 436158473 451985162
253530364 347768648 421144271
191848950 345542296 420709097
148440622 159543591 281526663
249716754 373468482 497718775
221795342 108289309 407512825
280604051 429137420 469065756
60867469 410368374 458034582
53238244 41902523 117921580
53875928 10434169 210250488
143524927 103956156 392910093
119508426 428965426 497430923
136779257 500938246 502001522
80090954 396308299 428562408
176630419 252737469 362374499
282669464 454228451 458229889
123126897 142930223 182823568
199176880 298728443 394901021
73922420 220675840 372494174
150360435 182423863 269653687
187510397 499682335 501327585
50575308 115604700 390240795
66902334 269727987 341099876
112612493 492291898 499849692
100379528 428982320 444207603
95033050 166535705 361330861
270940550 400219571 482466262
216626578 488209106 495746480
46260732 434060103 496958009
50809483 143160120 166002016